%YAML:1.0
---
K: !!opencv-matrix
   rows: 3
   cols: 3
   dt: d
   data: [ 6.4519064151069983e+02, 0., 3.2339948203185446e+02, 0.,
       6.4141567671698829e+02, 2.4725799414801557e+02, 0., 0., 1. ]
D: !!opencv-matrix
   rows: 1
   cols: 5
   dt: d
   data: [ 3.3159804210098881e-01, -2.5740321559196895e+00,
       3.5605280706401462e-04, 2.1269992074654735e-02,
       4.5969990768672391e+00 ]
