%YAML:1.0
---
K: !!opencv-matrix
   rows: 3
   cols: 3
   dt: d
   data: [ 6.3747833251953125e+02, 0., 3.3369959496634692e+02, 0.,
       6.2432238769531250e+02, 2.4680195268061652e+02, 0., 0., 1. ]
D: !!opencv-matrix
   rows: 1
   cols: 5
   dt: d
   data: [ 3.3159804210098881e-01, -2.5740321559196895e+00,
       3.5605280706401462e-04, 2.1269992074654735e-02,
       4.5969990768672391e+00 ]
