%YAML:1.0
---
K: !!opencv-matrix
   rows: 3
   cols: 3
   dt: d
   data: [ 6.5463111207091413e+02, 0., 3.1608200775367982e+02, 0.,
       6.5066993487400191e+02, 2.1927464836136292e+02, 0., 0., 1. ]
D: !!opencv-matrix
   rows: 1
   cols: 5
   dt: d
   data: [ 3.5807144571088484e-01, -2.1438079674100927e+00,
       -7.7266175422555554e-03, 2.5489981959610380e-03,
       3.5137384667933143e+00 ]
